6026
12109
15880
3858
3587
16851
6792
16647
17310
21359
12365
1667
12371
10918
12374
1674
12148
1679
1680
12147
12383
1691
12309
11386
20779
16577
19243
16799
16798
22110
15111
15115
12117
6603
3618
16944
15869
7452
2454
2455
2460
2461
22172
22177
14351
22139
12738
22179
13054
18960
8057
17087
16856
16857
5340
17374
4807
4808
6757
18698
14915
14916
17405
19737
165
16860
15881
3862
3863
3864
21508
5862
5629
22137
19464
22191
18076
18284
22188
7780
16830
6794
6795
4223
4644
22174
22175
22189
22190
19685
14576
16971
19594
14766
19225
16882
20270
14433
18699
4630
21687
21688
6809
15882
4958
15286
15283
15316
8054
3865
17503
2458
16827
7021
17601
8457
6805
6777
6804
19652
19091
22182
22192
22194
22195
18614
18615
18616
22136
21950
18971
5391
3856
17508
12669
15225
15298
14917
7026
15207
19007
14988
17488
20736
18982
18985
7621
13940
17665
17658
4713
13067
14204
16057
17704
6778
22197
22196
3917
22183
8222
17397
12127
5940
17650
6162
22184
7619
12128
3866
4732
22185
17546
18197
1625
2561
3214
17498
17499
17501
17502
17496
17497
6894
15526
15528
15529
15531
14982
14921
14922
5854
12271
5714
17027
7446
16845
16843
8624
8626
22200
16941
16940
6955
7369
16804
9163
6352
4584
15708
16254
18690
14953
22176
18609
18610
14551
14571
1683
16576
19387
2198
19234
17631
2941
5190
19462
21748
3095
9661
3709
6775
12293
6027
1886
5053
2199
2201
2202
2203
2204
19235
19236
19251
5390
5392
5394
5191
7779
17685
13607
6952
15255
15270
16823
15694
15695
15713
6790
6791
19668
7295
14570
3033
6350
3598
3860
13055
6953
3251
16800
16858
4811
4583
14914
18749
17646
17655
16933
17675
17683
5485
15887
15888
8556
15096
9652
4783
3760
14989
14997
6738
6739
6799
7296
19000
17674
15889
15890
15284
15285
15287
16832
16836
16831
16833
16834
4782
18993
19003
7006
14280
19143
19155
2751
2798
2799
16803
16801
16802
16837
16839
6372
17600
14990
6798
22178
17943
11243
12367
12380
12385
11385
21473
17086
15831
8347
14470
11951
17081
16850
15005
15692
6752
6754
17324
17085
5080
1686
1689
11289
16736
7139
13048
18720
18721
21507
13046
13058
15306
12314
12313
15559
16807
16808
16806
16822
6517
6515
9487
17393
17317
17077
17078
15293
15294
17092
8968
5436
7082
4193
11250
12045
16968
16969
3320
11246
13297
12913
21917
17897
14366
13050
13059
13064
17672
19061
7459
16182
17090
18222
17271
17291
14319
4812
6750
20043
17321
17323
17298
17319
19018
19020
16816
16826
6761
17308
17061
17074
17076
13597
16184
16811
13071
17064
17065
17066
17067
17068
17069
14913
20643
17071
22193
13109
12357
15282
12107
17091
17550
17673
6755
17083
13049
13051
13053
17684
15556
16167
16169
16171
16176
16177
16180
16810
16809
16829
16563
14342
4802
4804
4805
16245
6758
6759
13229
12790
14569
17939
4312
5484
15558
16812
17938
20892
15859
1669
13165
17238
17022
17021
19398
16805
17062
13052
13061
4809
9658
16280
14321
17094
16813
16815
16846
16848
16849
8406
4395
4806
13929
14367
20058
15144
15117
17299
12755
13195
16555
12789
16560
15960
18716
17093
17492
13045
13062
13063
16557
13601
15885
15254
15317
16842
16528
16530
16529
16553
16559
17493
17489
17487
17490
17491
17500
14384
12787
14386
14388
14568
17471
17472
16619
15308
6552
20653
17075
15310
12315
17088
2396
15059
7060
13926
11053
15119
12000
16646
11384
16105
16135
11296
11999
11198
16784
13073
17026
16037
16032
12519
13089
12729
13092
12977
13569
15975
15219
11995
11996
12064
12049
11848
14322
17481
11905
15114
15710
16783
16975
13056
13057
13060
16274
16840
6756
6760
13231
17933
17934
17935
17942
1678
13158
16835
16861
14790
14791
5363
5367
18713
17676
17060
16824
16817
16818
16819
16820
16828
16844
16853
3232
6360
17599
4634
4637
6785
17403
16737
12737
14873
12176
3128
15057
16564
14320
14337
14343
15011
14389
21386
6784
12769
16183
16821
16838
16855
16852
3113
6787
6788
15492
17084
13066
12768
17089
14324
4404
4803
6751
19222
18323