10913
10914
10916
5728
2673
4748
20621
21864
12910
8098
5420
21953
15471
6276
4714
10837
6396
8820
6334
3883
4701
4703
13252
15323
15324
19333
16330
16339
18819
8821
4736
19070
21793
22092
19466
6710
16295
15342
19069
10153
19178
19177
19186
19194
18731
10840
19160
18542
18365
18486
15374
15647
16293
16324
16301
19125
251
21356
20849
1852
6258
8018
12549
19574
21795
19443
15999
14853
20380
11090
20357
2914
19151
21032
21033
14992
20235
4534
20320
15044
6088
10825
18534
11235
20823
6021
12522
12523
12558
19389
19388
5644
8187
14102
5419
5784
6442
17652
3745
8188
13941
13942
10845
2435
18369
18996
21616
4737
15348
575
19247
3861
3869
9651
15557
17602
19072
18305
4548
5417
16477
21623
14040
3610
2266
4301
5641
5022
13157
16005
22094
5651
20313
5652
19144
8705
21248
4508
18986
15569
19636
19642
15042
4756
21877
4726
10820
15775
5777
18487
18531
18344
18484
18335
18334
10910
10847
10911
18470
18351
18362
14415
18466
18877
17325
18339
17282
18509
18473
18481
18868
18928
17962
18333
18866
18467
18468
7005
18469
7004
18360
18867
18873
15395
18931
18342
10915
6090
18901
10365
15546
10906
10907
10909
10912
15063
18358
14408
18483
18879
18880
18874
18932
18340
18915
18919
18860
18367
15134
18355
15012
14395
14398
14403
13247
13881
14397
15394
18341
6994
15548
14025
14396
14400
18345
18346
21544
15547
18377
18382
15549
9139
14394
18477
18479
18869
18384
18386
18387
18394
17283
10749
15140
15141
18343
18826
18348
18381
18482
14399
14023
18923
18926
18929
13991
1703
21388
21390
21672
15186
18349
10846
18354
18356
18363
14390
18696
18870
18871
18338
12463
19044
10750
9140
14024
14412
14414
12442
18474
18485
18490
18493
17318
14480
18863
19079
13776
35
1704
586
19165
22104
9107
4816
13000
5539
19071
6343
7395
5428
5783
10967
7087
4702
7056
18707
21750
10835
4742
6266
7617
3742
18702
3508
4901
6342
18364
10354
18337
20780
13985
10842
10843
10355
13469
8315
18359
18357
4750
15333
17740
20793
19465
18983
16296
13984
10836
6277
4716
18902
19148
19167
19166
2572
10908
2768
6332
3593
2959
6084
6085
8319
9594
4744
14391
14418
15337
4298
2115
7077
4538
18972
18973
5421
19080
19081
19150
2765
2769
3584
3585
14713
4738
18701
19077
19076
19078
19084
5423
5424
5422
2766
6083
4745
15334
19083
19571
7661
19095
19097
21494
19246
15335
14796
18984
8828
7616
2549
3884
6627
15336
19086
19094
19099
19100
19103
19105
19108
21752
15339
16302
19135
19138
4699
19324
10672
13338
19180
19181
19183
19182
19196
19198
10844
18951
2570
13499
10818
14965
10353
15340
15354
19101
19096
19106
14454
15410
18811
15365
19314
19316
19175
19184
19191
19146
19145
19174
10817
19318
19319
13504
13634
19128
19188
19189
19323
15345
15649
16297
19120
19134
16303
16304
10969
17746
10904
2571
10821
10822
10824
9012
10841
6264
6265
6269
2345
19171
8166
3744
3749
19136
19139
19147
19172
15327
15343
10017
10018
19320
14968
13503
10170
19205
16337
19127
16300
15716
15322
16306
19141
19190
14967
14966
19137
15332
15346
15350
15351
15361
15367
15371
15373
15650
15648
15655
15654
16294
16326
16299
16340
16305
16311
16313
16315
16318
16322
16314
19124
19126
15330
16327
19129
16328
15331
16329
16331
16332
19130
14777
19468
14176
3750
19197
11074
9011
2347
19153
6335
12439
21640
14008
1564
19185
4749
12129
19170
8819
6336
6337
6344
9921
4753
4755
14419
12437
15325
15344
15356
15358
15359
15368
19098
19104
18347
15656
16338
16316
16317
16320
16319
19075
6022
6086
6087
6345
4751
17990
4687